100 23
70 11 42 71 18 17 94 31 10 51 90 13 80 60 75 20 16 96 100 79 34 2 95
100 10 13 92 51 73 6 53 91 42 43 45 60 42 34 79 6 71 75 62 61 39 24
87 42 31 48 26 68 17 42 21 34 15 47 85 88 41 53 30 64 26 21 37 20 74
71 8 9 58 16 70 70 8 53 28 8 33 18 10 12 28 1 66 68 41 1 18 6
6 89 8 59 45 33 87 66 58 55 23 75 30 85 10 11 60 78 57 53 74 98 69
66 68 76 74 65 33 43 79 60 86 30 35 55 83 43 19 87 82 45 70 25 75 74
97 32 18 65 79 3 7 65 96 23 79 57 56 41 57 89 11 87 72 56 63 89 56
71 77 82 47 67 63 42 13 55 33 18 78 9 94 38 75 73 50 19 51 37 66 9
80 39 8 58 36 12 11 88 73 14 53 56 28 80 87 95 21 88 4 97 84 6 10
67 18 63 98 25 52 41 86 33 59 41 84 22 59 8 40 5 37 86 66 52 18 8
61 80 70 9 55 36 25 16 35 18 37 60 35 26 24 91 41 36 16 23 8 67 4
90 42 15 12 85 49 23 16 71 79 16 65 42 10 12 68 99 48 14 95 98 6 45
93 41 55 67 66 33 68 20 7 100 81 51 59 53 58 64 34 25 67 79 32 56 53
72 22 47 66 64 81 99 7 10 27 81 60 97 17 99 3 54 53 12 93 69 33 56
1 8 96 90 22 70 66 69 15 73 10 52 41 39 81 97 26 27 36 29 83 23 78
30 75 8 69 32 13 84 82 32 6 95 71 86 44 13 80 18 86 47 32 2 61 96
9 46 98 74 82 72 98 97 12 20 30 71 95 2 82 32 19 79 88 8 38 66 37
55 92 52 4 97 68 54 18 54 40 77 17 35 96 93 7 62 47 43 69 62 16 93
77 79 47 68 80 68 58 44 40 69 77 5 62 67 75 94 39 86 43 73 25 3 63
10 51 86 8 89 12 18 26 41 43 74 34 91 70 38 29 5 31 87 35 59 76 10
20 11 90 92 17 68 19 46 6 38 10 27 10 100 99 42 36 50 63 28 77 19 66
23 69 98 88 24 34 9 77 54 83 90 37 23 86 5 82 3 61 93 95 66 65 62
21 47 95 56 92 43 30 42 28 66 38 69 60 28 67 70 51 30 57 49 53 28 7
16 88 22 77 19 28 78 82 81 91 57 1 91 49 7 48 63 36 52 2 32 67 64
54 36 4 79 41 38 10 42 58 13 92 25 48 32 59 25 28 76 77 95 29 23 27
5 40 2 21 41 15 65 96 28 77 86 29 85 19 39 19 94 54 88 1 41 44 40
13 27 67 15 63 66 100 84 22 41 16 27 72 96 1 46 41 99 14 80 70 67 16
70 94 99 96 85 80 41 81 92 50 29 56 50 53 77 8 38 34 46 11 55 61 25
66 86 96 18 4 58 26 21 35 42 85 34 54 97 45 99 54 58 33 66 81 13 75
45 67 50 95 4 89 20 48 78 92 93 94 16 80 12 51 20 24 35 45 98 87 30
99 35 35 51 96 32 25 88 72 61 97 46 44 65 43 3 76 72 74 43 67 14 37
50 47 72 11 61 30 12 19 73 64 6 72 76 41 8 61 71 9 22 28 23 90 90
60 37 47 6 53 40 55 55 31 60 39 28 33 64 99 60 67 67 14 12 98 7 9
37 95 10 70 99 6 74 9 78 20 32 11 46 44 24 97 12 46 46 39 81 41 88
82 9 78 98 78 92 48 50 40 12 90 1 27 5 19 25 49 7 68 86 41 4 11
35 6 41 31 64 79 30 28 41 45 56 24 72 72 59 10 7 14 60 42 57 4 92
33 66 62 85 75 9 61 29 26 9 27 61 57 47 6 48 33 63 21 52 10 3 64
100 45 16 14 23 4 100 44 55 26 24 99 45 73 95 14 13 10 14 77 13 28 49
94 83 8 62 18 6 63 97 41 12 96 80 90 73 27 43 44 59 58 19 18 39 23
18 2 87 26 54 79 60 41 68 97 86 45 42 44 53 75 68 45 94 79 98 32 67
87 79 56 47 91 38 45 14 80 40 39 23 46 61 52 27 87 22 28 21 89 44 74
50 67 18 70 23 94 72 29 93 25 78 48 100 75 39 45 39 96 32 98 3 59 4
91 57 86 9 47 25 55 2 93 45 54 26 29 51 82 33 44 90 8 66 76 74 65
73 81 5 16 82 67 45 96 45 93 55 87 75 5 38 39 85 18 41 44 24 22 65
62 13 75 91 64 14 52 100 66 92 91 33 79 98 26 9 98 50 22 49 65 86 40
11 18 62 34 3 73 56 4 66 35 76 56 83 18 41 3 46 89 80 81 95 53 32
2 32 19 13 82 22 92 17 6 37 11 68 68 50 10 86 81 89 8 18 57 83 21
85 78 25 26 21 92 90 2 20 81 53 93 100 77 51 1 32 44 44 46 66 79 27
46 22 47 83 37 99 84 26 85 33 81 89 81 63 36 74 83 14 97 25 95 70 50
67 51 38 18 7 68 90 62 65 38 60 79 67 86 16 81 73 86 49 100 97 35 87
97 60 83 82 7 4 14 14 78 95 98 29 43 2 64 3 54 93 68 40 13 66 68
91 30 12 61 53 74 14 15 39 23 52 15 40 87 85 17 62 77 14 26 80 21 18
30 1 23 90 14 87 33 83 38 85 46 82 73 41 37 47 57 100 5 9 21 21 32
9 48 69 99 29 80 79 38 83 78 79 9 65 84 39 10 91 96 23 48 84 47 97
31 77 10 47 32 52 39 71 91 51 96 27 64 67 99 35 71 96 29 31 88 14 77
53 5 42 87 91 25 9 6 49 61 28 37 90 100 88 33 19 69 100 95 24 64 17
52 98 80 34 50 52 71 56 89 2 62 55 34 15 37 70 62 77 15 59 6 71 5
18 29 14 84 48 60 80 90 19 33 41 81 44 18 98 8 72 76 68 13 31 5 45
80 6 27 10 96 7 38 32 15 98 49 14 45 94 44 51 75 8 68 84 37 51 88
30 85 29 27 57 10 69 81 39 85 14 74 90 70 83 24 15 33 75 77 65 79 14
85 57 19 41 77 28 74 19 28 34 90 88 52 20 89 18 17 80 21 45 66 10 47
35 40 91 1 54 55 58 4 89 94 47 26 33 38 55 94 83 50 67 81 96 62 88
77 61 17 51 93 77 99 47 28 25 35 32 25 30 57 1 50 75 99 7 67 57 93
99 26 23 11 17 21 30 58 79 15 91 30 38 43 43 30 56 33 15 72 73 22 56
82 17 74 35 1 18 88 8 14 42 50 92 46 73 73 54 38 24 3 76 10 56 79
69 42 44 70 13 59 88 39 43 59 12 16 6 15 65 31 39 63 82 65 82 67 17
38 55 29 71 57 55 32 85 87 3 79 65 62 64 48 44 30 56 79 77 36 32 65
58 49 62 2 98 25 92 67 3 88 14 84 48 81 9 73 41 13 84 18 26 90 56
36 41 17 54 26 12 45 64 24 15 26 12 51 17 100 99 13 13 95 34 54 99 30
61 63 68 14 9 26 42 54 16 30 80 26 86 80 73 80 94 7 43 17 45 92 85
83 83 21 97 38 8 47 88 49 72 73 79 47 34 31 87 38 12 19 59 51 92 82
60 26 55 6 89 16 47 71 29 22 31 84 38 63 19 67 55 66 45 84 16 37 66
25 76 82 22 65 75 24 99 67 57 89 55 62 31 49 55 23 89 12 7 69 47 88
12 51 92 33 25 22 56 15 77 97 41 10 60 47 92 47 28 100 33 93 73 22 8
49 68 85 25 7 48 28 74 30 83 26 76 82 64 29 75 47 24 58 34 1 50 50
7 58 58 39 66 88 30 82 64 84 40 83 9 45 98 85 94 81 91 13 61 4 49
21 46 3 59 53 51 52 57 40 46 99 90 7 89 68 21 14 71 89 15 76 65 83
8 13 19 32 80 98 52 9 16 92 75 89 53 17 72 15 52 96 3 80 15 81 15
54 51 71 69 42 30 13 61 33 35 95 93 81 23 59 6 23 70 84 36 14 39 82
62 94 48 38 72 13 18 7 6 18 27 12 94 85 45 8 22 59 14 92 56 58 80
4 57 63 59 13 31 89 4 76 95 81 97 67 43 20 70 24 8 52 34 46 86 99
43 100 46 76 50 75 84 100 38 67 59 28 2 9 98 32 29 20 100 51 58 94 6
52 5 28 12 100 64 92 13 68 97 93 54 58 23 96 50 11 6 14 79 8 28 46
72 25 82 97 22 69 100 43 19 64 8 15 29 57 80 46 43 12 74 84 79 27 88
15 92 67 84 100 100 77 5 11 53 25 90 83 15 51 30 46 69 85 25 42 49 13
23 48 45 19 27 64 3 60 5 9 15 79 95 82 56 28 76 1 8 24 37 55 89
1 65 52 44 43 60 25 47 34 36 87 17 84 71 53 60 53 79 93 24 29 87 71
62 9 57 91 39 14 65 76 66 43 25 16 96 6 72 42 11 45 44 26 56 68 43
100 29 21 86 99 85 99 65 11 14 88 5 33 41 63 71 78 52 85 41 75 45 9
78 67 13 89 2 73 31 39 35 80 5 70 73 100 36 46 61 7 24 85 20 59 78
34 14 82 34 22 17 76 7 58 86 67 41 32 83 85 32 65 66 65 2 86 1 83
7 25 58 21 88 71 5 82 14 100 72 75 47 71 30 43 66 95 95 7 31 88 95
57 61 18 44 88 15 14 66 44 68 66 69 20 50 76 73 85 10 1 49 69 45 36
100 12 70 97 93 77 99 94 85 69 41 73 71 7 84 14 7 28 81 95 93 85 70
10 11 5 92 49 6 72 95 69 50 32 35 15 93 96 49 74 46 42 100 75 100 81
37 1 36 86 44 50 91 38 56 5 44 49 53 88 63 89 13 13 17 30 74 67 35
45 29 36 5 75 97 40 46 91 82 45 42 50 88 65 43 54 33 83 76 41 85 1
27 47 99 66 4 74 65 39 42 66 71 76 3 12 90 84 15 83 7 100 17 33 73
44 56 73 39 15 78 81 81 10 66 43 1 70 60 17 85 57 3 62 92 41 51 9
70 31 99 96 52 75 28 85 27 1 58 32 31 60 2 82 27 69 38 60 48 98 41
