70 100 87 71 6 66 97 71 80 67 61 90 93 72 1 30 9 55 77 10 20 23 21 16 54 5 13 70 66 45 99 50 60 37 82 35 33 100 94 18 87 50 91 73 62 11 2 85 46 67 97 91 30 9 31 53 52 18 80 30 85 35 77 99 82 69 38 58 36 61 83 60 25 12 49 7 21 8 54 62 4 43 52 72 15 23 1 62 100 78 34 7 57 100 10 37 45 27 44 70
11 10 42 8 89 68 32 77 39 18 80 42 41 22 8 75 46 92 79 51 11 69 47 88 36 40 27 94 86 67 35 47 37 95 9 6 66 45 83 2 79 67 57 81 13 18 32 78 22 51 60 30 1 48 77 5 98 29 6 85 57 40 61 26 17 42 55 49 41 63 83 26 76 51 68 58 46 13 51 94 57 100 5 25 92 48 65 9 29 67 14 25 61 12 11 1 29 47 56 31
42 13 31 9 8 76 18 82 8 63 70 15 55 47 96 8 98 52 47 86 90 98 95 22 4 2 67 99 96 50 35 72 47 10 78 41 62 16 8 87 56 18 86 5 75 62 19 25 47 38 83 12 23 69 10 42 80 14 27 29 19 91 17 23 74 44 29 62 17 68 21 55 82 92 85 58 3 19 71 48 63 46 28 82 67 45 52 57 21 13 82 58 18 70 5 36 36 99 73 99
71 92 48 58 59 74 65 47 58 98 9 12 67 66 90 69 74 4 68 8 92 88 56 77 79 21 15 96 18 95 51 11 6 70 98 31 85 14 62 26 47 70 9 16 91 34 13 26 83 18 82 61 90 99 47 87 34 84 10 27 41 1 51 11 35 70 71 2 54 14 97 6 22 33 25 39 59 32 69 38 59 76 12 97 84 19 44 91 86 89 34 21 44 97 92 86 5 66 39 96
18 51 26 16 45 65 79 67 36 25 55 85 66 64 22 32 82 97 80 89 17 24 92 19 41 41 63 85 4 4 96 61 53 99 78 64 75 23 18 54 91 23 47 82 64 3 82 21 37 7 7 53 14 29 32 91 50 48 96 57 77 54 93 17 1 13 57 98 26 9 38 89 65 25 7 66 53 80 42 72 13 50 100 22 100 27 43 39 99 2 22 88 88 93 49 44 75 4 15 52
17 73 68 70 33 33 3 63 12 52 36 49 33 81 70 13 72 68 68 12 68 34 43 28 38 15 66 80 58 89 32 30 40 6 92 79 9 4 6 79 38 94 25 67 14 73 22 92 99 68 4 74 87 80 52 25 52 60 7 10 28 55 77 21 18 59 55 25 12 26 8 16 75 22 48 88 51 98 30 13 31 75 64 69 100 64 60 14 85 73 17 71 15 77 6 50 97 74 78 75
94 6 17 70 87 43 7 42 11 41 25 23 68 99 66 84 98 54 58 18 19 9 30 78 10 65 100 41 26 20 25 12 55 74 48 30 61 100 63 60 45 72 55 45 52 56 92 90 84 90 14 14 33 79 39 9 71 80 38 69 74 58 99 30 88 88 32 92 45 42 47 47 24 56 28 30 52 52 13 18 89 84 92 100 77 3 25 65 99 31 76 5 14 99 72 91 40 65 81 28
31 53 42 8 66 79 65 13 88 86 16 16 20 7 69 82 97 18 44 26 46 77 42 82 42 96 84 81 21 48 88 19 55 9 50 28 29 44 97 41 14 29 2 96 100 4 17 2 26 62 14 15 83 38 71 6 56 90 32 81 19 4 47 58 8 39 85 67 64 54 88 71 99 15 74 82 57 9 61 7 4 100 13 43 5 60 47 76 65 39 7 82 66 94 95 38 46 39 81 85
10 91 21 53 58 60 96 55 73 33 35 71 7 10 15 32 12 54 40 41 6 54 28 81 58 28 22 92 35 78 72 73 31 78 40 41 26 55 41 68 80 93 93 45 66 66 6 20 85 65 78 39 38 83 91 49 89 19 15 39 28 89 28 79 14 43 87 3 24 16 49 29 67 77 30 64 40 16 33 6 76 38 68 19 11 5 34 66 11 35 58 14 44 85 69 56 91 42 10 27
51 42 34 28 55 86 23 33 14 59 18 79 100 27 73 6 20 40 69 43 38 83 66 91 13 77 41 50 42 92 61 64 60 20 12 45 9 26 12 97 40 25 45 93 92 35 37 81 33 38 95 23 85 78 51 61 2 33 98 85 34 94 25 15 42 59 3 88 15 30 72 22 57 97 83 84 46 92 35 18 95 67 97 64 53 9 36 43 14 80 86 100 68 69 50 5 82 66 66 1
90 43 15 8 23 30 79 18 53 41 37 16 81 81 10 95 30 77 77 74 10 90 38 57 92 86 16 29 85 93 97 6 39 32 90 56 27 24 96 86 39 78 54 55 91 76 11 53 81 60 98 52 46 79 96 28 62 41 49 14 90 47 35 91 50 12 79 14 26 80 73 31 89 41 26 40 99 75 95 27 81 59 93 8 25 15 87 25 88 5 67 72 66 41 32 44 45 71 43 58
13 45 47 33 75 35 57 78 56 84 60 65 51 60 52 71 71 17 5 34 27 37 69 1 25 29 27 56 34 94 46 72 28 11 1 24 61 99 80 45 23 48 26 87 33 56 68 93 89 79 29 15 82 9 27 37 55 81 14 74 88 26 32 30 92 16 65 84 12 26 79 84 55 10 76 83 90 89 93 12 97 28 54 15 90 79 17 16 5 70 41 75 69 73 35 49 42 76 1 32
80 60 85 18 30 55 56 9 28 22 35 42 59 97 41 86 95 35 62 91 10 23 60 91 48 85 72 50 54 16 44 76 33 46 27 72 57 45 90 42 46 100 29 75 79 83 68 100 81 67 43 40 73 65 64 90 34 44 45 90 52 33 25 38 46 6 62 48 51 86 47 38 62 60 82 9 7 53 81 94 67 2 58 29 83 95 84 96 33 73 32 47 20 71 15 53 50 3 70 31
60 42 88 10 85 83 41 94 80 59 26 10 53 17 39 44 2 96 67 70 100 86 28 49 32 19 96 53 97 80 65 41 64 44 5 72 47 73 73 44 61 75 51 5 98 18 50 77 63 86 2 87 41 84 67 100 15 18 94 70 20 38 30 43 73 15 64 81 17 80 34 63 31 47 64 45 89 17 23 85 43 9 23 57 15 82 71 6 41 100 83 71 50 7 93 88 88 12 60 60
75 34 41 12 10 43 57 38 87 8 24 12 58 99 81 13 82 93 75 38 99 5 67 7 59 39 1 77 45 12 43 8 99 24 19 59 6 95 27 53 52 39 82 38 26 41 10 51 36 16 64 85 37 39 99 88 37 98 44 83 89 55 57 43 73 65 48 9 100 73 31 19 49 92 29 98 68 72 59 45 20 98 96 80 51 56 53 72 63 36 85 30 76 84 96 63 65 90 17 2
20 79 53 28 11 19 89 75 95 40 91 68 64 3 97 80 32 7 94 29 42 82 70 48 25 19 46 8 99 51 3 61 60 97 25 10 48 14 43 75 27 45 33 39 9 3 86 1 74 81 3 17 47 10 35 33 70 8 51 24 18 94 1 30 54 31 44 73 99 80 87 67 55 47 75 85 21 15 6 8 70 32 50 46 30 28 60 42 71 46 32 43 73 14 49 89 43 84 85 82
16 6 30 1 60 87 11 73 21 5 41 99 34 54 26 18 19 62 39 5 36 3 51 63 28 94 41 38 54 20 76 71 67 12 49 7 33 13 44 68 87 39 44 85 98 46 81 32 83 73 54 62 57 91 71 19 62 72 75 15 17 83 50 56 38 39 30 41 13 94 38 55 23 28 47 94 14 52 23 22 24 29 11 43 46 76 53 11 78 61 65 66 85 7 74 13 54 15 57 27
96 71 64 66 78 82 87 50 88 37 36 48 25 53 27 86 79 47 86 31 50 61 30 36 76 54 99 34 58 24 72 9 67 46 7 14 63 10 59 45 22 96 90 18 50 89 89 44 14 86 93 77 100 96 96 69 77 76 8 33 80 50 75 33 24 63 56 13 13 7 12 66 89 100 24 81 71 96 70 59 8 20 6 12 69 1 79 45 52 7 66 95 10 28 46 13 33 83 3 69
100 75 26 68 57 45 72 19 4 86 16 14 67 12 36 47 88 43 43 87 63 93 57 52 77 88 14 46 33 35 74 22 14 46 68 60 21 14 58 94 28 32 8 41 22 80 8 44 97 49 68 14 5 23 29 100 15 68 68 75 21 67 99 15 3 82 79 84 95 43 19 45 12 33 58 91 89 3 84 14 52 100 14 74 85 8 93 44 85 24 65 95 1 81 42 17 83 7 62 38
79 62 21 41 53 70 56 51 97 66 23 95 79 93 29 32 8 69 73 35 28 95 49 2 95 1 80 11 66 45 43 28 12 39 86 42 52 77 19 79 21 98 66 44 49 81 18 46 25 100 40 26 9 48 31 95 59 13 84 77 45 81 7 72 76 65 77 18 34 17 59 84 7 93 34 13 15 80 36 92 34 51 79 84 25 24 24 26 41 85 2 7 49 95 100 30 76 100 92 60
34 61 37 1 74 25 63 37 84 52 8 98 32 69 83 2 38 62 25 59 77 66 53 32 29 41 70 55 81 98 67 23 98 81 41 57 10 13 18 98 89 3 76 24 65 95 57 66 95 97 13 80 21 84 88 24 6 31 37 65 66 96 67 73 10 82 36 26 54 45 51 16 69 73 1 61 76 15 14 56 46 58 8 79 42 37 29 56 75 20 86 31 69 93 75 74 41 17 41 48
2 39 20 18 98 75 89 66 6 18 67 6 56 33 23 61 66 16 3 76 19 65 28 67 23 44 67 61 13 87 14 90 7 41 4 4 3 28 39 32 44 59 74 22 86 53 83 79 70 35 66 21 21 47 14 64 71 5 51 79 10 62 57 22 56 67 32 90 99 92 92 37 47 22 50 4 65 81 39 58 86 94 28 27 49 55 87 68 45 59 1 88 45 85 100 67 85 33 51 98
95 24 74 6 69 74 56 9 10 8 4 45 53 56 78 96 37 93 63 10 66 62 7 64 27 40 16 25 75 30 37 90 9 88 11 92 64 49 23 67 74 4 65 65 40 32 21 27 50 87 68 18 32 97 77 17 5 45 88 14 47 88 93 56 79 17 65 56 30 85 82 66 88 8 50 49 83 15 82 80 99 6 46 88 13 89 71 43 9 78 83 95 36 70 81 35 1 73 9 41